91091
49281
21908
4020
59902
35275
40735
1205
32804
62868
35112
44419
74152
83326
26696
23515
1283
80611
82849
323
82090
38565
34025
15033
58650
30728
30687
94319
5107
72253
10465
63156
53026
98362
71247
87275
42399
58800
70914
98231
81536
42739
99418
78009
24009
73586
93916
5143
95889
38147
92643
89293
31446
39604
48247
46229
539
88748
46284
90184
35886
72937
99565
45521
93421
67215
14073
4677
3946
77059
47146
84320
99269
27198
3628
56697
21044
35965
40697
58096
45508
39622
77061
1408
82326
56131
27246
44712
30730
2804
6652
92859
1182
7300
78108
33988
35739
76410
35607
37951
85336
12097
45935
68577
27186
89229
93897
86740
30508
34471
1839
46184
3769
70782
19170
9057
81665
16968
2594
33103
35024
56758
32741
7469
11845
16830
37917
39086
42682
18276
20663
16560
68555
90920
7830
3544
74615
64977
69878
38538
37753
79480
80093
43065
21353
71944
9438
65180
75408
38714
77722
10272
25181
80448
6813
36096
56634
72198
46579
14005
31815
22526
69272
83325
92407
11124
53049
50828
34655
19383
345
12258
63853
93363
61786
97864
61617
3624
61361
68889
24125
91364
43541
16969
54545
15319
88062
43398
17846
38880
63066
20216
91194
21882
12303
60055
68139
6514
97104
46723
99799
11798
38822
3457
81233
76107
32445
804
16222
12158
27090
31094
18644
63942
94070
1441
33667
80039
28245
22238
86937
42781
53365
93095
94989
17701
27094
13168
95066
12733
66426
67841
77564
61616
39202
68711
29291
70944
92422
48826
20753
95328
13055
40128
95674
30117
42058
85065
45933
36133
87301
59310
80153
35866
6101
7555
19110
45597
53072
19318
76194
32888
13989
96727
6110
13897
71378
91237
30022
29974
72519
11216
70351
67987
95588
27372
53426
13837
34614
27966
63186
53600
48981
761
54148
61777
48161
43664
56831
41070
7381
31019
33849
3171
34939
87494
69869
4990
36864
46518
3647
79791
49616
95230
35330
27688
36550
32881
67243
54946
68824
94648
61352
76546
36469
17816
21614
21464
60320
52272
34416
5129
506
42273
25297
58487
82215
31442
15169
28158
84421
67931
84236
87106
62290
11721
76809
20302
98957
71007
5223
74816
7385
19615
36065
88800
28011
72408
66905
38808
92866
20637
26743
69915
51898
54191
58373
98079
82174
22685
65857
99207
25685
12366
35332
24375
26446
40759
62332
5647
62601
96027
43845
41967
94223
72997
18295
79549
72534
82796
61659
26245
81226
38051
72930
64329
5599
40617
7105
51149
50218
23776
38927
22107
50785
25860
65576
35421
50939
97260
81496
23115
39680
67762
83592
37692
70122
26175
89966
8952
5280
89195
80428
50392
61589
61461
91959
79658
45868
13760
27337
42490
6419
31331
60145
54618
43975
9213
44335
1062
53197
96611
61576
57291
90419
17211
64576
21687
88347
17408
99589
73776
63421
19399
16300
97673
86532
81098
98301
35196
12803
89813
72359
58106
91142
41655
79671
73915
99257
83617
17324
4733
74853
20293
83146
3584
38697
12168
82166
97671
30270
17453
77881
73013
1693
54406
96521
39941
40645
86100
17543
43871
17970
54578
8524
10836
80671
16366
87686
42215
36003
56283
22230
98113
97361
81507
95709
33850
87673
22851
2612
79011
20995
95196
53393
73508
8012
94044
98128
106
56156
30138
2010
77870
60025
29095
30881
5985
2837
48024
30016
72399
14584
86063
4343
66749
57628
90800
33321
62013
35406
87526
78666
54352
44981
83273
68135
75585
19109
22595
63568
17760
28555
97039
46393
34266
40341
35263
78796
6941
52636
25749
23760
93637
51993
49075
32173
95682
63635
21688
30213
9698
90488
78132
65212
53236
61671
43697
93198
78669
36146
74420
16322
14799
32222
66415
3371
638
78630
61467
51577
807
7860
850
72912
17018
37470
4329
13080
35071
10066
76281
36419
71848
87661
65907
34890
11732
21114
33482
44384
46915
40347
99585
76534
61051
36049
79283
99239
20701
28573
28202
24100
64023
44722
52453
83984
1167
48127
59353
8900
65818
93926
50910
33400
82355
3447
87011
93718
38055
79590
70267
97827
74828
8619
29484
76637
39899
19064
3693
49529
59929
93440
53701
62433
27990
53477
53118
81638
17877
64574
35815
51564
65196
30176
1753
49669
79681
71773
8151
96721
78199
15236
97944
5618
52893
29180
42468
76970
13909
86061
354
74642
71180
41718
19554
39463
44696
54050
34473
24304
17730
86544
35152
58730
72467
67347
10454
76415
72485
99591
92211
63553
81555
43671
52280
11434
33197
17184
29465
81413
90450
83221
88256
15463
60320
22734
36340
50517
52343
11659
52832
19809
95726
48515
4191
49403
54515
3174
49755
83130
5248
82510
63869
94123
66539
33620
26544
66158
95055
30341
59607
53006
87323
13737
10296
48996
51849
82283
9245
28994
40968
52444
54825
41000
56900
35340
778
59564
71465
217
49117
33234
23896
20415
75229
84221
86218
22541
37131
43507
10634
84551
45858
29573
98387
53440
98906
3981
54529
78248
3695
61981
18072
79085
43017
41369
81958
97866
59397
57791
42314
1485
60346
99697
41430
33097
71440
41142
93931
32247
89186
55656
10580
69519
10634
39353
59179
66424
41672
76526
27002
96232
10973
5885
74241
86435
41541
70680
92892
68567
56803
60886
10547
46063
23218
80666
3542
75873
56327
99311
8919
84534
42233
68863
49642
64387
51432
16620
12543
20673
46966
45726
43421
65176
13850
2056
48776
77140
61716
90594
18612
77160
77641
49501
9773
84737
31102
15092
54252
55217
58012
35907
81946
16803
75794
19097
72295
53358
6451
17308
74254
3681
9564
89291
59073
72987
52204
92411
95312
77264
67675
90290
60567
66236
80073
83761
29340
95618
96592
98351
1520
44377
94540
86491
60929
97690
55020
27655
78368
41317
20221
34639
98644
38082
76278
99170
76004
82166
88653
35059
47450
51917
41992
2095
58372
6883
61403
18891
79967
99769
17121
97873
82883
99009
39504
60628
56555
42684
96311
16798
88667
69462
9227
14747
44223
97272
11574
97179
8644
45427
74174
19926
84373
20876
51301
17104
55430
14313
23701
20837
59365
76825
40596
68763
31072
72794
87670
57512
7913
29758
32944
25365
10602
30922
27532
72299
39310
21035
63203
50621
49432
21326
13727
84384
96482
74215
11928
811
64564
63483
39429
81897
17865
80624
31019
69429
39639
33069
20604
81596
48117
14991
80699
24408
3811
86390
32403
6128
47653
31167
27823
87913
34440
89887
31887
28869
51010
87925
55511
