38606
46511
75000
35035
14362
47694
18671
33062
92746
9620
6208
66941
99933
95814
87498
15460
37590
24305
89472
99678
10330
11382
50704
94229
92164
45463
10048
74398
93274
33650
73131
4047
13435
88546
5538
94475
93427
47919
26522
89275
742
44784
2053
55286
10933
70487
61047
84705
70932
98365
83595
38437
55651
60560
35027
85770
54207
95568
44632
20445
47100
9102
52868
58200
60660
15843
75884
45874
10105
54655
61191
37135
67527
94854
33303
14924
16143
76096
53173
65688
77134
49467
40265
35472
20397
12357
31080
22967
95551
54693
72960
89568
44507
59100
77016
91543
81948
22588
78985
64379
55032
92330
81866
14377
18655
33102
79144
97596
87605
68984
82446
91196
51922
66880
2447
87283
66804
54452
56855
64321
53386
90023
4312
16187
71713
27063
28028
43959
52241
40794
17977
40498
97195
9524
25499
22929
88107
68280
89106
93061
60866
77305
55358
30863
34607
73014
43601
51044
5768
93982
28420
77840
43642
99535
38623
18059
48752
23535
96589
37488
60376
30919
46807
70729
24559
69595
47431
19532
58919
35246
23686
19724
75606
91645
6946
81796
48711
14035
8317
35231
37475
48178
548
31658
1616
2623
7109
86891
70105
16801
22245
66960
49716
72497
10857
48181
84687
41299
62019
6370
3805
85586
94973
15258
16262
55647
41417
59198
42591
50499
52928
90244
92024
34983
7337
84661
22597
30722
12891
78976
45322
23518
34024
90608
58769
54759
87573
53200
25370
89421
83262
21691
25785
78241
7277
27227
52655
56639
72777
86995
30065
47971
86147
99031
70054
63679
2838
77118
2490
17935
71620
5811
39649
99339
91061
20705
61817
67261
27087
43997
35248
65399
65419
30434
98805
70133
97749
3719
80609
16254
65451
88458
31034
67651
9682
67720
83363
25513
1680
21295
78440
91658
52104
24725
14648
29537
23229
14179
9539
90507
92842
47267
84439
97945
43643
14854
8366
6787
77007
83961
62583
81061
74911
76831
12112
57002
58868
16233
95542
84320
19694
92091
69461
63203
16930
29503
68829
19629
71757
63245
69637
86572
2219
48821
65160
83673
74601
65147
92150
12959
69765
88952
68294
13183
88299
45955
27246
40372
43287
68923
62593
67152
14537
17655
17057
18426
63092
41013
78271
86005
29856
86028
67461
89734
67161
84205
32354
77726
77098
70074
80641
83259
55452
12082
15338
80929
65055
60894
58344
9621
87398
45188
73556
54895
26322
70017
25848
8349
62613
97826
37246
46548
83349
17184
26634
97090
34796
29329
44315
84395
72707
7587
37752
72779
8842
9764
9819
49416
77539
48557
55899
14744
71158
50104
91137
72904
18235
55708
4198
39785
3173
46848
98847
11261
51291
98533
9675
59190
28065
91090
3315
47750
26388
35454
1450
87711
40677
92049
86976
71191
51658
88326
79615
54497
70646
65046
92326
81620
17168
6387
4833
65967
28732
33937
15610
72896
26596
69675
58628
70652
86346
97998
96223
42263
87117
81883
24381
75982
38291
13262
51801
76861
7488
2679
39030
67021
98694
38316
9029
67200
54338
69468
65476
77168
80154
94537
80143
97571
16660
58623
35684
60798
6078
90800
35136
63430
28511
36149
14496
17870
6235
62620
19670
65717
99904
47817
34144
20471
45506
75762
68692
32139
5916
98743
49461
91329
35835
44295
65747
15403
83991
72422
63804
84271
81386
13106
98002
18402
89450
39214
75674
16634
6907
54858
56967
96354
59199
4287
96039
3635
19287
31411
34921
85896
33649
45004
86367
44683
52327
69691
67043
11126
86827
87777
67351
11660
44710
2013
69245
16604
14705
74361
48347
89139
1168
20854
21706
77304
31716
67609
27511
16563
86863
98087
48111
35520
25488
46676
12639
82382
4962
18660
40596
14721
19768
41679
12708
20133
7423
78731
80388
60363
95562
57810
50129
56477
88976
98258
4159
57655
20466
38899
43689
61192
14313
98042
66073
76275
36209
20433
12212
49118
28477
91219
45541
92041
54395
22026
48907
84052
463
39207
50682
35534
10446
29348
16434
34597
50005
22112
67481
17677
25757
15496
12663
31969
7588
73577
4652
82260
28044
51829
57138
79751
57640
30091
84208
35431
79898
58253
48252
65603
14951
44752
27728
2122
65548
42952
41108
24926
84273
15476
88333
59448
85819
81584
96106
6476
53138
77665
78361
97044
11299
85923
48213
89933
67875
11331
42746
54359
43703
11951
46943
5424
42824
12663
28102
84911
35448
57415
17050
4999
52765
80054
97508
97482
17427
98821
89906
36058
58541
64585
40997
24279
84983
17898
55594
66733
15884
34950
31748
66037
92091
67499
85708
13222
17452
6849
77982
64082
3742
26970
76838
19077
18060
86820
20557
49347
56528
96961
64780
36445
93119
80535
26274
18336
77435
83693
59436
59264
80278
15540
26879
86048
10830
22683
50416
58405
54269
28460
53771
65848
3664
91918
33353
68777
84953
66642
18412
26296
98864
64479
6911
78378
28571
54267
88442
74923
86942
50625
90505
69304
2197
72899
9496
18971
65795
79326
12713
60703
91396
6504
22723
53071
58714
69249
20406
3696
41086
905
28012
23888
40600
39199
58564
78234
79596
87706
42914
21713
22373
8014
70811
41924
25935
22657
7276
49003
43594
33906
70643
80798
30265
88479
83569
15889
23283
43267
33362
12036
97565
12139
2930
12618
18945
98915
58714
88651
44515
46579
6894
8966
43797
57807
54230
56114
39570
66900
34842
30589
92195
68190
89269
10940
76243
30996
7140
62342
23275
56219
69764
11229
29591
54642
53994
28536
52781
52020
83673
89153
45901
51037
39997
158
3109
5206
67131
15402
15583
84796
34385
79043
61550
39852
41306
65582
79263
90403
76992
8998
96735
98919
69961
38560
17083
5107
89915
63875
83285
28126
87712
76775
71199
66279
84877
62604
84659
49290
48996
38489
51484
23218
16291
61175
44218
73102
47739
71998
74440
13410
30032
71575
34473
1367
57729
41795
85302
53246
57911
57678
14555
68695
43687
56688
13353
93183
7852
58082
45874
73641
93051
49862
10443
87370
99767
85914
15992
49307
18451
60912
22705
27714
97145
55569
20688
23383
80898
69806
45478
92412
84332
86418
54236
17658
83666
32823
11435
58925
39526
33462
57883
36971
86889
70431
61907
31415
53462
94936
76524
97620
92849
57120
51423
32627
43813
46876
73594
45226
51977
63192
35434
10230
15285
54629
54144
12046
39549
98500
91261
7605
15419
11323
46140
63742
53092
8144
22230
49094
36097
53286
89951
85604
80487
70118
95021
89696
10748
2419
86046
58220
