106
158
217
323
345
354
463
506
539
548
638
742
761
778
804
807
811
850
905
1062
1167
1168
1182
1205
1283
1367
1408
1441
1450
1485
1520
1616
1680
1693
1753
1839
2010
2013
2053
2056
2095
2122
2197
2219
2419
2447
2490
2594
2612
2623
2679
2804
2837
2838
2930
3109
3171
3173
3174
3315
3371
3447
3457
3542
3544
3584
3624
3628
3635
3647
3664
3681
3693
3695
3696
3719
3742
3769
3805
3811
3946
3981
4020
4047
4159
4191
4198
4287
4312
4329
4343
4652
4677
4733
4833
4962
4990
4999
5107
5107
5129
5143
5206
5223
5248
5280
5424
5538
5599
5618
5647
5768
5811
5885
5916
5985
6078
6101
6110
6128
6208
6235
6370
6387
6419
6451
6476
6504
6514
6652
6787
6813
6849
6883
6894
6907
6911
6941
6946
7105
7109
7140
7276
7277
7300
7337
7381
7385
7423
7469
7488
7555
7587
7588
7605
7830
7852
7860
7913
8012
8014
8144
8151
8317
8349
8366
8524
8619
8644
8842
8900
8919
8952
8966
8998
9029
9057
9102
9213
9227
9245
9438
9496
9524
9539
9564
9620
9621
9675
9682
9698
9764
9773
9819
10048
10066
10105
10230
10272
10296
10330
10443
10446
10454
10465
10547
10580
10602
10634
10634
10748
10830
10836
10857
10933
10940
10973
11124
11126
11216
11229
11261
11299
11323
11331
11382
11434
11435
11574
11659
11660
11721
11732
11798
11845
11928
11951
12036
12046
12082
12097
12112
12139
12158
12168
12212
12258
12303
12357
12366
12543
12618
12639
12663
12663
12708
12713
12733
12803
12891
12959
13055
13080
13106
13168
13183
13222
13262
13353
13410
13435
13727
13737
13760
13837
13850
13897
13909
13989
14005
14035
14073
14179
14313
14313
14362
14377
14496
14537
14555
14584
14648
14705
14721
14744
14747
14799
14854
14924
14951
14991
15033
15092
15169
15236
15258
15285
15319
15338
15402
15403
15419
15460
15463
15476
15496
15540
15583
15610
15843
15884
15889
15992
16143
16187
16222
16233
16254
16262
16291
16300
16322
16366
16434
16560
16563
16604
16620
16634
16660
16798
16801
16803
16830
16930
16968
16969
17018
17050
17057
17083
17104
17121
17168
17184
17184
17211
17308
17324
17408
17427
17452
17453
17543
17655
17658
17677
17701
17730
17760
17816
17846
17865
17870
17877
17898
17935
17970
17977
18059
18060
18072
18235
18276
18295
18336
18402
18412
18426
18451
18612
18644
18655
18660
18671
18891
18945
18971
19064
19077
19097
19109
19110
19170
19287
19318
19383
19399
19532
19554
19615
19629
19670
19694
19724
19768
19809
19926
20133
20216
20221
20293
20302
20397
20406
20415
20433
20445
20466
20471
20557
20604
20637
20663
20673
20688
20701
20705
20753
20837
20854
20876
20995
21035
21044
21114
21295
21326
21353
21464
21614
21687
21688
21691
21706
21713
21882
21908
22026
22107
22112
22230
22230
22238
22245
22373
22526
22541
22588
22595
22597
22657
22683
22685
22705
22723
22734
22851
22929
22967
23115
23218
23218
23229
23275
23283
23383
23515
23518
23535
23686
23701
23760
23776
23888
23896
24009
24100
24125
24279
24304
24305
24375
24381
24408
24559
24725
24926
25181
25297
25365
25370
25488
25499
25513
25685
25749
25757
25785
25848
25860
25935
26175
26245
26274
26296
26322
26388
26446
26522
26544
26596
26634
26696
26743
26879
26970
27002
27063
27087
27090
27094
27186
27198
27227
27246
27246
27337
27372
27511
27532
27655
27688
27714
27728
27823
27966
27990
28011
28012
28028
28044
28065
28102
28126
28158
28202
28245
28420
28460
28477
28511
28536
28555
28571
28573
28732
28869
28994
29095
29180
29291
29329
29340
29348
29465
29484
29503
29537
29573
29591
29758
29856
29974
30016
30022
30032
30065
30091
30117
30138
30176
30213
30265
30270
30341
30434
30508
30589
30687
30722
30728
30730
30863
30881
30919
30922
30996
31019
31019
31034
31072
31080
31094
31102
31167
31331
31411
31415
31442
31446
31658
31716
31748
31815
31887
31969
32139
32173
32222
32247
32354
32403
32445
32627
32741
32804
32823
32881
32888
32944
33062
33069
33097
33102
33103
33197
33234
33303
33321
33353
33362
33400
33462
33482
33620
33649
33650
33667
33849
33850
33906
33937
33988
34024
34025
34144
34266
34385
34416
34440
34471
34473
34473
34597
34607
34614
34639
34655
34796
34842
34890
34921
34939
34950
34983
35024
35027
35035
35059
35071
35112
35136
35152
35196
35231
35246
35248
35263
35275
35330
35332
35340
35406
35421
35431
35434
35448
35454
35472
35520
35534
35607
35684
35739
35815
35835
35866
35886
35907
35965
36003
36049
36058
36065
36096
36097
36133
36146
36149
36209
36340
36419
36445
36469
36550
36864
36971
37131
37135
37246
37470
37475
37488
37590
37692
37752
37753
37917
37951
38051
38055
38082
38147
38291
38316
38437
38489
38538
38560
38565
38606
38623
38697
38714
38808
38822
38880
38899
38927
39030
39086
39199
39202
39207
39214
39310
39353
39429
39463
39504
39526
39549
39570
39604
39622
39639
39649
39680
39785
39852
39899
39941
39997
40128
40265
40341
40347
40372
40498
40596
40596
40600
40617
40645
40677
40697
40735
40759
40794
40968
40997
41000
41013
41070
41086
41108
41142
41299
41306
41317
41369
41417
41430
41541
41655
41672
41679
41718
41795
41924
41967
41992
42058
42215
42233
42263
42273
42314
42399
42468
42490
42591
42682
42684
42739
42746
42781
42824
42914
42952
43017
43065
43267
43287
43398
43421
43507
43541
43594
43601
43642
43643
43664
43671
43687
43689
43697
43703
43797
43813
43845
43871
43959
43975
43997
44218
44223
44295
44315
44335
44377
44384
44419
44507
44515
44632
44683
44696
44710
44712
44722
44752
44784
44981
45004
45188
45226
45322
45427
45463
45478
45506
45508
45521
45541
45597
45726
45858
45868
45874
45874
45901
45933
45935
45955
46063
46140
46184
46229
46284
46393
46511
46518
46548
46579
46579
46676
46723
46807
46848
46876
46915
46943
46966
47100
47146
47267
47431
47450
47653
47694
47739
47750
47817
47919
47971
48024
48111
48117
48127
48161
48178
48181
48213
48247
48252
48347
48515
48557
48711
48752
48776
48821
48826
48907
48981
48996
48996
49003
49075
49094
49117
49118
49281
49290
49307
49347
49403
49416
49432
49461
49467
49501
49529
49616
49642
49669
49716
49755
49862
50005
50104
50129
50218
50392
50416
50499
50517
50621
50625
50682
50704
50785
50828
50910
50939
51010
51037
51044
51149
51291
51301
51423
51432
51484
51564
51577
51658
51801
51829
51849
51898
51917
51922
51977
51993
52020
52104
52204
52241
52272
52280
52327
52343
52444
52453
52636
52655
52765
52781
52832
52868
52893
52928
53006
53026
53049
53071
53072
53092
53118
53138
53173
53197
53200
53236
53246
53286
53358
53365
53386
53393
53426
53440
53462
53477
53600
53701
53771
53994
54050
54144
54148
54191
54207
54230
54236
54252
54267
54269
54338
54352
54359
54395
54406
54452
54497
54515
54529
54545
54578
54618
54629
54642
54655
54693
54759
54825
54858
54895
54946
55020
55032
55217
55286
55358
55430
55452
55511
55569
55594
55647
55651
55656
55708
55899
56114
56131
56156
56219
56283
56327
56477
56528
56555
56634
56639
56688
56697
56758
56803
56831
56855
56900
56967
57002
57120
57138
57291
57415
57512
57628
57640
57655
57678
57729
57791
57807
57810
57883
57911
58012
58082
58096
58106
58200
58220
58253
58344
58372
58373
58405
58487
58541
58564
58623
58628
58650
58714
58714
58730
58769
58800
58868
58919
58925
59073
59100
59179
59190
59198
59199
59264
59310
59353
59365
59397
59436
59448
59564
59607
59902
59929
60025
60055
60145
60320
60320
60346
60363
60376
60560
60567
60628
60660
60703
60798
60866
60886
60894
60912
60929
61047
61051
61175
61191
61192
61352
61361
61403
61461
61467
61550
61576
61589
61616
61617
61659
61671
61716
61777
61786
61817
61907
61981
62013
62019
62290
62332
62342
62433
62583
62593
62601
62604
62613
62620
62868
63066
63092
63156
63186
63192
63203
63203
63245
63421
63430
63483
63553
63568
63635
63679
63742
63804
63853
63869
63875
63942
64023
64082
64321
64329
64379
64387
64479
64564
64574
64576
64585
64780
64977
65046
65055
65147
65160
65176
65180
65196
65212
65399
65419
65451
65476
65548
65576
65582
65603
65688
65717
65747
65795
65818
65848
65857
65907
65967
66037
66073
66158
66236
66279
66415
66424
66426
66539
66642
66733
66749
66804
66880
66900
66905
66941
66960
67021
67043
67131
67152
67161
67200
67215
67243
67261
67347
67351
67461
67481
67499
67527
67609
67651
67675
67720
67762
67841
67875
67931
67987
68135
68139
68190
68280
68294
68555
68567
68577
68692
68695
68711
68763
68777
68824
68829
68863
68889
68923
68984
69245
69249
69272
69304
69429
69461
69462
69468
69519
69595
69637
69675
69691
69764
69765
69806
69869
69878
69915
69961
70017
70054
70074
70105
70118
70122
70133
70267
70351
70431
70487
70643
70646
70652
70680
70729
70782
70811
70914
70932
70944
71007
71158
71180
71191
71199
71247
71378
71440
71465
71575
71620
71713
71757
71773
71848
71944
71998
72198
72253
72295
72299
72359
72399
72408
72422
72467
72485
72497
72519
72534
72707
72777
72779
72794
72896
72899
72904
72912
72930
72937
72960
72987
72997
73013
73014
73102
73131
73508
73556
73577
73586
73594
73641
73776
73915
74152
74174
74215
74241
74254
74361
74398
74420
74440
74601
74615
74642
74816
74828
74853
74911
74923
75000
75229
75408
75585
75606
75674
75762
75794
75873
75884
75982
76004
76096
76107
76194
76243
76275
76278
76281
76410
76415
76524
76526
76534
76546
76637
76775
76809
76825
76831
76838
76861
76970
76992
77007
77016
77059
77061
77098
77118
77134
77140
77160
77168
77264
77304
77305
77435
77539
77564
77641
77665
77722
77726
77840
77870
77881
77982
78009
78108
78132
78199
78234
78241
78248
78271
78361
78368
78378
78440
78630
78666
78669
78731
78796
78976
78985
79011
79043
79085
79144
79263
79283
79326
79480
79549
79590
79596
79615
79658
79671
79681
79751
79791
79898
79967
80039
80054
80073
80093
80143
80153
80154
80278
80388
80428
80448
80487
80535
80609
80611
80624
80641
80666
80671
80699
80798
80898
80929
81061
81098
81226
81233
81386
81413
81496
81507
81536
81555
81584
81596
81620
81638
81665
81796
81866
81883
81897
81946
81948
81958
82090
82166
82166
82174
82215
82260
82283
82326
82355
82382
82446
82510
82796
82849
82883
83130
83146
83221
83259
83262
83273
83285
83325
83326
83349
83363
83569
83592
83595
83617
83666
83673
83673
83693
83761
83961
83984
83991
84052
84205
84208
84221
84236
84271
84273
84320
84320
84332
84373
84384
84395
84421
84439
84534
84551
84659
84661
84687
84705
84737
84796
84877
84911
84953
84983
85065
85302
85336
85586
85604
85708
85770
85819
85896
85914
85923
86005
86028
86046
86048
86061
86063
86100
86147
86218
86346
86367
86390
86418
86435
86491
86532
86544
86572
86740
86820
86827
86863
86889
86891
86937
86942
86976
86995
87011
87106
87117
87275
87283
87301
87323
87370
87398
87494
87498
87526
87573
87605
87661
87670
87673
87686
87706
87711
87712
87777
87913
87925
88062
88107
88256
88299
88326
88333
88347
88442
88458
88479
88546
88651
88653
88667
88748
88800
88952
88976
89106
89139
89153
89186
89195
89229
89269
89275
89291
89293
89421
89450
89472
89568
89696
89734
89813
89887
89906
89915
89933
89951
89966
90023
90184
90244
90290
90403
90419
90450
90488
90505
90507
90594
90608
90800
90800
90920
91061
91090
91091
91137
91142
91194
91196
91219
91237
91261
91329
91364
91396
91543
91645
91658
91918
91959
92024
92041
92049
92091
92091
92150
92164
92195
92211
92326
92330
92407
92411
92412
92422
92643
92746
92842
92849
92859
92866
92892
93051
93061
93095
93119
93183
93198
93274
93363
93421
93427
93440
93637
93718
93897
93916
93926
93931
93982
94044
94070
94123
94223
94229
94319
94475
94537
94540
94648
94854
94936
94973
94989
95021
95055
95066
95196
95230
95312
95328
95542
95551
95562
95568
95588
95618
95674
95682
95709
95726
95814
95889
96027
96039
96106
96223
96232
96311
96354
96482
96521
96589
96592
96611
96721
96727
96735
96961
97039
97044
97090
97104
97145
97179
97195
97260
97272
97361
97482
97508
97565
97571
97596
97620
97671
97673
97690
97749
97826
97827
97864
97866
97873
97944
97945
97998
98002
98042
98079
98087
98113
98128
98231
98258
98301
98351
98362
98365
98387
98500
98533
98644
98694
98743
98805
98821
98847
98864
98906
98915
98919
98957
99009
99031
99170
99207
99239
99257
99269
99311
99339
99418
99535
99565
99585
99589
99591
99678
99697
99767
99769
99799
99904
99933
